Generation	Size	Frequency	Count
0.000000	1	1.000000	1
0.000000	2	2.000000	0
0.000000	3	3.000000	0
0.000000	4	4.000000	0
0.000000	5	5.000000	0
0.000000	6	6.000000	0
0.000000	7	7.000000	0
0.000000	8	8.000000	0
0.000000	9	9.000000	0
0.000000	10	10.000000	0
10.234696	1	0.007874	214
10.234696	2	0.015748	70
10.234696	3	0.023622	33
10.234696	4	0.031496	44
10.234696	5	0.039370	18
10.234696	6	0.047244	13
10.234696	7	0.055118	6
10.234696	8	0.062992	14
10.234696	9	0.070866	4
10.234696	10	0.078740	19
10.234696	127	1.000000	1
10.234696	94	0.740157	2
10.234696	33	0.259843	1
10.234696	70	0.551181	1
10.234696	24	0.188976	7
10.234696	46	0.362205	1
10.234696	15	0.118110	1
10.234696	39	0.307087	1
10.234696	11	0.086614	2
10.234696	28	0.220472	1
10.234696	18	0.141732	3
10.234696	16	0.125984	2
10.234696	17	0.133858	8
10.234696	14	0.110236	1
10.234696	13	0.102362	1
20.290854	1	0.006289	233
20.290854	2	0.012579	116
20.290854	3	0.018868	62
20.290854	4	0.025157	45
20.290854	5	0.031447	47
20.290854	6	0.037736	32
20.290854	7	0.044025	25
20.290854	8	0.050314	14
20.290854	9	0.056604	43
20.290854	10	0.062893	12
20.290854	159	1.000000	1
20.290854	131	0.823899	2
20.290854	28	0.176101	37
20.290854	101	0.635220	1
20.290854	30	0.188679	1
20.290854	73	0.459119	2
20.290854	72	0.452830	1
20.290854	53	0.333333	1
20.290854	19	0.119497	7
20.290854	12	0.075472	18
20.290854	41	0.257862	5
20.290854	13	0.081761	43
20.290854	15	0.094340	20
20.290854	26	0.163522	3
20.290854	23	0.144654	1
20.290854	11	0.069182	1
20.290854	18	0.113208	3
30.313026	1	0.001949	726
30.313026	2	0.003899	342
30.313026	3	0.005848	197
30.313026	4	0.007797	151
30.313026	5	0.009747	86
30.313026	6	0.011696	98
30.313026	7	0.013645	71
30.313026	8	0.015595	54
30.313026	9	0.017544	57
30.313026	10	0.019493	17
30.313026	513	1.000000	1
30.313026	416	0.810916	2
30.313026	97	0.189084	15
30.313026	382	0.744639	1
30.313026	34	0.066277	39
30.313026	201	0.391813	3
30.313026	181	0.352827	6
30.313026	146	0.284600	1
30.313026	55	0.107212	27
30.313026	112	0.218324	5
30.313026	87	0.169591	11
30.313026	25	0.048733	25
30.313026	105	0.204678	4
30.313026	11	0.021442	27
30.313026	76	0.148148	23
30.313026	23	0.044834	34
30.313026	98	0.191033	21
30.313026	58	0.113060	11
30.313026	39	0.076023	4
30.313026	18	0.035088	21
30.313026	75	0.146199	1
30.313026	12	0.023392	50
30.313026	17	0.033138	30
30.313026	21	0.040936	36
30.313026	37	0.072125	4
30.313026	45	0.087719	12
30.313026	48	0.093567	1
30.313026	53	0.103314	5
30.313026	47	0.091618	4
30.313026	15	0.029240	13
30.313026	13	0.025341	10
30.313026	19	0.037037	11
30.313026	50	0.097466	5
30.313026	43	0.083821	2
30.313026	40	0.077973	8
30.313026	24	0.046784	8
30.313026	14	0.027290	23
30.313026	16	0.031189	3
30.313026	22	0.042885	1
30.313026	26	0.050682	1
30.313026	20	0.038986	2
30.313026	42	0.081871	1
30.313026	27	0.052632	1
40.319614	1	0.000366	3796
40.319614	2	0.000733	1574
40.319614	3	0.001099	938
40.319614	4	0.001466	686
40.319614	5	0.001832	411
40.319614	6	0.002199	395
40.319614	7	0.002565	245
40.319614	8	0.002931	291
40.319614	9	0.003298	175
40.319614	10	0.003664	186
40.319614	2729	1.000000	1
40.319614	2359	0.864419	2
40.319614	370	0.135581	15
40.319614	2200	0.806156	1
40.319614	159	0.058263	9
40.319614	990	0.362770	3
40.319614	1210	0.443386	6
40.319614	729	0.267131	1
40.319614	261	0.095639	29
40.319614	140	0.051301	30
40.319614	589	0.215830	5
40.319614	456	0.167094	11
40.319614	133	0.048736	26
40.319614	670	0.245511	25
40.319614	31	0.011359	48
40.319614	540	0.197875	23
40.319614	128	0.046904	24
40.319614	269	0.098571	5
40.319614	101	0.037010	4
40.319614	51	0.018688	23
40.319614	440	0.161231	1
40.319614	11	0.004031	168
40.319614	20	0.007329	32
40.319614	401	0.146940	3
40.319614	16	0.005863	83
40.319614	39	0.014291	36
40.319614	50	0.018322	11
40.319614	205	0.075119	3
40.319614	64	0.023452	9
40.319614	376	0.137779	9
40.319614	397	0.145475	1
40.319614	40	0.014657	16
40.319614	21	0.007695	57
40.319614	172	0.063027	10
40.319614	33	0.012092	17
40.319614	22	0.008062	64
40.319614	63	0.023085	17
40.319614	66	0.024185	31
40.319614	474	0.173690	5
40.319614	250	0.091609	4
40.319614	130	0.047636	4
40.319614	62	0.022719	34
40.319614	245	0.089776	8
40.319614	188	0.068890	2
40.319614	15	0.005497	89
40.319614	221	0.080982	2
40.319614	49	0.017955	9
40.319614	79	0.028948	7
40.319614	355	0.130084	3
40.319614	37	0.013558	33
40.319614	131	0.048003	6
40.319614	437	0.160132	3
40.319614	29	0.010627	35
40.319614	621	0.227556	3
40.319614	82	0.030048	11
40.319614	35	0.012825	30
40.319614	158	0.057897	4
40.319614	139	0.050934	1
40.319614	154	0.056431	5
40.319614	43	0.015757	7
40.319614	109	0.039941	6
40.319614	167	0.061195	1
40.319614	30	0.010993	37
40.319614	106	0.038842	12
40.319614	24	0.008794	47
40.319614	90	0.032979	5
40.319614	19	0.006962	68
40.319614	70	0.025650	6
40.319614	142	0.052034	3
40.319614	44	0.016123	12
40.319614	107	0.039209	2
40.319614	467	0.171125	1
40.319614	45	0.016490	27
40.319614	38	0.013925	17
40.319614	32	0.011726	41
40.319614	110	0.040308	5
40.319614	84	0.030781	6
40.319614	173	0.063393	5
40.319614	294	0.107732	2
40.319614	18	0.006596	40
40.319614	72	0.026383	2
40.319614	87	0.031880	1
40.319614	58	0.021253	10
40.319614	17	0.006229	94
40.319614	28	0.010260	46
40.319614	48	0.017589	11
40.319614	145	0.053133	4
40.319614	12	0.004397	99
40.319614	34	0.012459	20
40.319614	232	0.085013	1
40.319614	56	0.020520	6
40.319614	197	0.072188	2
40.319614	148	0.054232	1
40.319614	25	0.009161	18
40.319614	78	0.028582	5
40.319614	41	0.015024	14
40.319614	69	0.025284	7
40.319614	95	0.034811	3
40.319614	190	0.069623	1
40.319614	146	0.053499	1
40.319614	98	0.035911	5
40.319614	57	0.020887	13
40.319614	73	0.026750	1
40.319614	42	0.015390	5
40.319614	104	0.038109	3
40.319614	89	0.032613	1
40.319614	85	0.031147	2
40.319614	86	0.031513	1
40.319614	27	0.009894	24
40.319614	23	0.008428	24
40.319614	47	0.017222	3
40.319614	76	0.027849	2
40.319614	13	0.004764	81
40.319614	14	0.005130	97
40.319614	105	0.038476	1
40.319614	52	0.019055	6
40.319614	60	0.021986	1
40.319614	81	0.029681	5
40.319614	59	0.021620	2
40.319614	55	0.020154	1
40.319614	65	0.023818	4
40.319614	46	0.016856	5
40.319614	26	0.009527	29
40.319614	53	0.019421	2
40.319614	36	0.013192	1
44.134197	1	0.000200	7081
44.134197	2	0.000400	2967
44.134197	3	0.000600	1821
44.134197	4	0.000800	1174
44.134197	5	0.001000	845
44.134197	6	0.001200	785
44.134197	7	0.001400	486
44.134197	8	0.001600	470
44.134197	9	0.001800	323
44.134197	10	0.002000	274
44.134197	5000	1.000000	1
44.134197	4386	0.877200	2
44.134197	614	0.122800	15
44.134197	4122	0.824400	1
44.134197	264	0.052800	9
44.134197	2039	0.407800	3
44.134197	2083	0.416600	6
44.134197	1502	0.300400	1
44.134197	537	0.107400	29
44.134197	320	0.064000	30
44.134197	1182	0.236400	5
44.134197	931	0.186200	11
44.134197	251	0.050200	26
44.134197	1268	0.253600	25
44.134197	48	0.009600	37
44.134197	815	0.163000	23
44.134197	216	0.043200	24
44.134197	436	0.087200	5
44.134197	178	0.035600	4
44.134197	79	0.015800	21
44.134197	890	0.178000	1
44.134197	22	0.004400	98
44.134197	26	0.005200	86
44.134197	778	0.155600	3
44.134197	41	0.008200	57
44.134197	112	0.022400	39
44.134197	99	0.019800	9
44.134197	382	0.076400	3
44.134197	54	0.010800	40
44.134197	718	0.143600	9
44.134197	771	0.154200	1
44.134197	75	0.015000	31
44.134197	53	0.010600	36
44.134197	365	0.073000	10
44.134197	17	0.003400	90
44.134197	12	0.002400	233
44.134197	128	0.025600	16
44.134197	687	0.137400	5
44.134197	24	0.004800	86
44.134197	531	0.106200	4
44.134197	136	0.027200	28
44.134197	374	0.074800	4
44.134197	80	0.016000	17
44.134197	446	0.089200	8
44.134197	289	0.057800	2
44.134197	496	0.099200	2
44.134197	82	0.016400	9
44.134197	147	0.029400	8
44.134197	544	0.108800	3
44.134197	272	0.054400	6
44.134197	639	0.127800	3
44.134197	35	0.007000	19
44.134197	1186	0.237200	3
44.134197	95	0.019000	12
44.134197	66	0.013200	17
44.134197	208	0.041600	4
44.134197	401	0.080200	1
44.134197	277	0.055400	5
44.134197	76	0.015200	7
44.134197	20	0.004000	121
44.134197	27	0.005400	65
44.134197	142	0.028400	7
44.134197	255	0.051000	1
44.134197	36	0.007200	68
44.134197	47	0.009400	33
44.134197	308	0.061600	7
44.134197	175	0.035000	5
44.134197	137	0.027400	5
44.134197	222	0.044400	3
44.134197	130	0.026000	7
44.134197	284	0.056800	2
44.134197	909	0.181800	1
44.134197	57	0.011400	11
44.134197	71	0.014200	25
44.134197	122	0.024400	5
44.134197	73	0.014600	20
44.134197	67	0.013400	20
44.134197	209	0.041800	5
44.134197	243	0.048600	5
44.134197	666	0.133200	2
44.134197	30	0.006000	60
44.134197	218	0.043600	2
44.134197	40	0.008000	38
44.134197	102	0.020400	11
44.134197	65	0.013000	12
44.134197	49	0.009800	42
44.134197	78	0.015600	7
44.134197	18	0.003600	108
44.134197	156	0.031200	1
44.134197	151	0.030200	12
44.134197	58	0.011600	16
44.134197	225	0.045000	4
44.134197	86	0.017200	8
44.134197	98	0.019600	21
44.134197	595	0.119000	1
44.134197	64	0.012800	15
44.134197	295	0.059000	2
44.134197	205	0.041000	1
44.134197	135	0.027000	9
44.134197	68	0.013600	8
44.134197	87	0.017400	18
44.134197	96	0.019200	6
44.134197	51	0.010200	20
44.134197	34	0.006800	31
44.134197	70	0.014000	8
44.134197	221	0.044200	3
44.134197	269	0.053800	1
44.134197	46	0.009200	28
44.134197	270	0.054000	4
44.134197	164	0.032800	1
44.134197	38	0.007600	23
44.134197	13	0.002600	121
44.134197	110	0.022000	1
44.134197	115	0.023000	21
44.134197	63	0.012600	4
44.134197	163	0.032600	2
44.134197	174	0.034800	1
44.134197	56	0.011200	7
44.134197	60	0.012000	3
44.134197	31	0.006200	56
44.134197	52	0.010400	12
44.134197	32	0.006400	22
44.134197	62	0.012400	15
44.134197	106	0.021200	4
44.134197	11	0.002200	218
44.134197	146	0.029200	2
44.134197	19	0.003800	70
44.134197	43	0.008600	74
44.134197	179	0.035800	1
44.134197	90	0.018000	1
44.134197	114	0.022800	9
44.134197	28	0.005600	37
44.134197	77	0.015400	5
44.134197	21	0.004200	79
44.134197	39	0.007800	8
44.134197	37	0.007400	23
44.134197	104	0.020800	6
44.134197	117	0.023400	5
44.134197	42	0.008400	23
44.134197	23	0.004600	45
44.134197	16	0.003200	90
44.134197	45	0.009000	17
44.134197	15	0.003000	125
44.134197	74	0.014800	6
44.134197	55	0.011000	9
44.134197	140	0.028000	1
44.134197	132	0.026400	4
44.134197	59	0.011800	12
44.134197	33	0.006600	54
44.134197	25	0.005000	27
44.134197	149	0.029800	2
44.134197	109	0.021800	5
44.134197	14	0.002800	98
44.134197	72	0.014400	5
44.134197	61	0.012200	7
44.134197	44	0.008800	13
44.134197	84	0.016800	8
44.134197	69	0.013800	2
44.134197	29	0.005800	30
44.134197	81	0.016200	6
44.134197	103	0.020600	1
44.134197	50	0.010000	7
44.134197	97	0.019400	1
44.134197	107	0.021400	1
48.774967	1	0.000100	14006
48.774967	2	0.000200	6002
48.774967	3	0.000300	3655
48.774967	4	0.000400	2274
48.774967	5	0.000500	1662
48.774967	6	0.000600	1367
48.774967	7	0.000700	1057
48.774967	8	0.000800	790
48.774967	9	0.000900	695
48.774967	10	0.001000	619
48.774967	10000	1.000000	1
48.774967	8465	0.846500	2
48.774967	1535	0.153500	15
48.774967	7834	0.783400	1
48.774967	631	0.063100	9
48.774967	3696	0.369600	3
48.774967	4138	0.413800	6
48.774967	3002	0.300200	1
48.774967	694	0.069400	29
48.774967	745	0.074500	30
48.774967	2257	0.225700	5
48.774967	1709	0.170900	11
48.774967	548	0.054800	26
48.774967	2401	0.240100	25
48.774967	100	0.010000	26
48.774967	1737	0.173700	23
48.774967	531	0.053100	24
48.774967	1157	0.115700	5
48.774967	378	0.037800	4
48.774967	212	0.021200	19
48.774967	1585	0.158500	1
48.774967	42	0.004200	102
48.774967	58	0.005800	49
48.774967	14	0.001400	372
48.774967	1340	0.134000	3
48.774967	124	0.012400	39
48.774967	245	0.024500	21
48.774967	166	0.016600	8
48.774967	1029	0.102900	3
48.774967	128	0.012800	35
48.774967	1212	0.121200	9
48.774967	1326	0.132600	1
48.774967	78	0.007800	46
48.774967	114	0.011400	28
48.774967	1004	0.100400	10
48.774967	25	0.002500	153
48.774967	18	0.001800	291
48.774967	192	0.019200	10
48.774967	1545	0.154500	5
48.774967	88	0.008800	43
48.774967	688	0.068800	4
48.774967	279	0.027900	18
48.774967	433	0.043300	4
48.774967	252	0.025200	13
48.774967	687	0.068700	8
48.774967	417	0.041700	2
48.774967	634	0.063400	2
48.774967	97	0.009700	9
48.774967	227	0.022700	13
48.774967	1091	0.109100	3
48.774967	48	0.004800	76
48.774967	525	0.052500	6
48.774967	1497	0.149700	3
48.774967	54	0.005400	47
48.774967	2304	0.230400	3
48.774967	406	0.040600	5
48.774967	103	0.010300	11
48.774967	434	0.043400	4
48.774967	158	0.015800	7
48.774967	476	0.047600	1
48.774967	422	0.042200	5
48.774967	51	0.005100	37
48.774967	60	0.006000	63
48.774967	43	0.004300	69
48.774967	190	0.019000	7
48.774967	674	0.067400	1
48.774967	99	0.009900	33
48.774967	240	0.024000	22
48.774967	293	0.029300	7
48.774967	140	0.014000	16
48.774967	497	0.049700	5
48.774967	288	0.028800	9
48.774967	310	0.031000	3
48.774967	388	0.038800	5
48.774967	646	0.064600	2
48.774967	1882	0.188200	1
48.774967	101	0.010100	14
48.774967	91	0.009100	20
48.774967	228	0.022800	5
48.774967	94	0.009400	18
48.774967	208	0.020800	9
48.774967	699	0.069900	5
48.774967	210	0.021000	4
48.774967	355	0.035500	5
48.774967	1527	0.152700	2
48.774967	26	0.002600	130
48.774967	543	0.054300	2
48.774967	137	0.013700	1
48.774967	119	0.011900	11
48.774967	132	0.013200	15
48.774967	75	0.007500	20
48.774967	57	0.005700	22
48.774967	29	0.002900	104
48.774967	184	0.018400	11
48.774967	305	0.030500	1
48.774967	221	0.022100	12
48.774967	22	0.002200	178
48.774967	346	0.034600	3
48.774967	90	0.009000	9
48.774967	64	0.006400	17
48.774967	326	0.032600	4
48.774967	181	0.018100	17
48.774967	215	0.021500	16
48.774967	177	0.017700	17
48.774967	1350	0.135000	1
48.774967	466	0.046600	2
48.774967	28	0.002800	91
48.774967	339	0.033900	1
48.774967	95	0.009500	35
48.774967	133	0.013300	4
48.774967	156	0.015600	13
48.774967	204	0.020400	8
48.774967	185	0.018500	8
48.774967	63	0.006300	13
48.774967	151	0.015100	6
48.774967	118	0.011800	9
48.774967	217	0.021700	3
48.774967	438	0.043800	1
48.774967	400	0.040000	1
48.774967	244	0.024400	5
48.774967	134	0.013400	13
48.774967	81	0.008100	27
48.774967	24	0.002400	128
48.774967	16	0.001600	290
48.774967	301	0.030100	1
48.774967	313	0.031300	5
48.774967	77	0.007700	38
48.774967	398	0.039800	1
48.774967	364	0.036400	19
48.774967	579	0.057900	3
48.774967	23	0.002300	178
48.774967	19	0.001900	227
48.774967	220	0.022000	12
48.774967	56	0.005600	31
48.774967	441	0.044100	2
48.774967	458	0.045800	1
48.774967	34	0.003400	85
48.774967	70	0.007000	20
48.774967	82	0.008200	4
48.774967	149	0.014900	13
48.774967	80	0.008000	18
48.774967	173	0.017300	7
48.774967	389	0.038900	2
48.774967	239	0.023900	9
48.774967	20	0.002000	143
48.774967	21	0.002100	147
48.774967	69	0.006900	14
48.774967	45	0.004500	36
48.774967	265	0.026500	1
48.774967	84	0.008400	26
48.774967	104	0.010400	25
48.774967	167	0.016700	4
48.774967	111	0.011100	6
48.774967	112	0.011200	11
48.774967	76	0.007600	11
48.774967	44	0.004400	54
48.774967	32	0.003200	66
48.774967	258	0.025800	12
48.774967	73	0.007300	9
48.774967	66	0.006600	20
48.774967	255	0.025500	6
48.774967	15	0.001500	256
48.774967	232	0.023200	2
48.774967	61	0.006100	17
48.774967	264	0.026400	1
48.774967	148	0.014800	6
48.774967	109	0.010900	17
48.774967	35	0.003500	80
48.774967	308	0.030800	10
48.774967	92	0.009200	5
48.774967	123	0.012300	8
48.774967	368	0.036800	1
48.774967	62	0.006200	24
48.774967	117	0.011700	3
48.774967	129	0.012900	7
48.774967	11	0.001100	378
48.774967	343	0.034300	10
48.774967	89	0.008900	10
48.774967	27	0.002700	82
48.774967	13	0.001300	255
48.774967	74	0.007400	8
48.774967	17	0.001700	204
48.774967	49	0.004900	22
48.774967	65	0.006500	17
48.774967	59	0.005900	22
48.774967	139	0.013900	8
48.774967	38	0.003800	33
48.774967	85	0.008500	29
48.774967	107	0.010700	6
48.774967	110	0.011000	8
48.774967	33	0.003300	63
48.774967	37	0.003700	51
48.774967	50	0.005000	12
48.774967	169	0.016900	3
48.774967	125	0.012500	6
48.774967	31	0.003100	44
48.774967	41	0.004100	48
48.774967	108	0.010800	2
48.774967	178	0.017800	8
48.774967	72	0.007200	15
48.774967	83	0.008300	15
48.774967	105	0.010500	6
48.774967	67	0.006700	16
48.774967	116	0.011600	5
48.774967	226	0.022600	7
48.774967	120	0.012000	2
48.774967	68	0.006800	10
48.774967	12	0.001200	394
48.774967	52	0.005200	28
48.774967	86	0.008600	10
48.774967	183	0.018300	6
48.774967	39	0.003900	44
48.774967	40	0.004000	33
48.774967	127	0.012700	4
48.774967	272	0.027200	1
48.774967	298	0.029800	3
48.774967	53	0.005300	20
48.774967	79	0.007900	11
48.774967	198	0.019800	2
48.774967	96	0.009600	10
48.774967	30	0.003000	41
48.774967	306	0.030600	1
48.774967	193	0.019300	1
48.774967	46	0.004600	22
48.774967	146	0.014600	4
48.774967	36	0.003600	36
48.774967	136	0.013600	5
48.774967	213	0.021300	3
48.774967	144	0.014400	3
48.774967	55	0.005500	10
48.774967	188	0.018800	2
48.774967	196	0.019600	5
48.774967	47	0.004700	28
48.774967	121	0.012100	1
48.774967	362	0.036200	1
48.774967	130	0.013000	4
48.774967	154	0.015400	1
48.774967	71	0.007100	3
48.774967	87	0.008700	1
50.321033	1	0.000080	17770
50.321033	2	0.000159	7280
50.321033	3	0.000239	4171
50.321033	4	0.000318	2821
50.321033	5	0.000398	2189
50.321033	6	0.000478	1674
50.321033	7	0.000557	1317
50.321033	8	0.000637	1097
50.321033	9	0.000717	727
50.321033	10	0.000796	760
50.321033	12559	1.000000	1
50.321033	10643	0.847440	2
50.321033	1916	0.152560	15
50.321033	9802	0.780476	1
50.321033	841	0.066964	9
50.321033	4781	0.380683	3
50.321033	5021	0.399793	6
50.321033	3884	0.309260	1
50.321033	897	0.071423	29
50.321033	935	0.074449	30
50.321033	2949	0.234812	5
50.321033	2291	0.182419	11
50.321033	658	0.052393	26
50.321033	2900	0.230910	25
50.321033	139	0.011068	21
50.321033	2121	0.168883	23
50.321033	702	0.055896	24
50.321033	1456	0.115933	5
50.321033	460	0.036627	4
50.321033	274	0.021817	27
50.321033	2130	0.169599	1
50.321033	65	0.005176	79
50.321033	74	0.005892	43
50.321033	1785	0.142129	3
50.321033	161	0.012819	39
50.321033	345	0.027470	29
50.321033	186	0.014810	20
50.321033	1300	0.103511	3
50.321033	156	0.012421	43
50.321033	1657	0.131937	9
50.321033	1775	0.141333	1
50.321033	91	0.007246	41
50.321033	118	0.009396	34
50.321033	1277	0.101680	10
50.321033	23	0.001831	214
50.321033	15	0.001194	449
50.321033	244	0.019428	10
50.321033	1877	0.149455	5
50.321033	95	0.007564	26
50.321033	888	0.070706	4
50.321033	416	0.033124	18
50.321033	522	0.041564	4
50.321033	286	0.022773	21
50.321033	977	0.077793	8
50.321033	467	0.037184	2
50.321033	834	0.066407	2
50.321033	104	0.008281	18
50.321033	217	0.017278	4
50.321033	1346	0.107174	3
50.321033	40	0.003185	73
50.321033	680	0.054144	6
50.321033	1837	0.146270	3
50.321033	54	0.004300	73
50.321033	2796	0.222629	3
50.321033	491	0.039095	4
50.321033	127	0.010112	15
50.321033	559	0.044510	4
50.321033	258	0.020543	7
50.321033	576	0.045864	1
50.321033	548	0.043634	5
50.321033	48	0.003822	31
50.321033	50	0.003981	57
50.321033	250	0.019906	6
50.321033	879	0.069990	1
50.321033	125	0.009953	24
50.321033	320	0.025480	21
50.321033	177	0.014093	9
50.321033	610	0.048571	5
50.321033	408	0.032487	9
50.321033	436	0.034716	4
50.321033	461	0.036707	5
50.321033	810	0.064496	2
50.321033	2248	0.178995	1
50.321033	141	0.011227	11
50.321033	103	0.008201	22
50.321033	100	0.007962	15
50.321033	267	0.021260	9
50.321033	850	0.067681	5
50.321033	335	0.026674	4
50.321033	485	0.038618	5
50.321033	1763	0.140377	2
50.321033	24	0.001911	155
50.321033	683	0.054383	2
50.321033	219	0.017438	6
50.321033	18	0.001433	290
50.321033	201	0.016004	10
50.321033	133	0.010590	42
50.321033	71	0.005653	8
50.321033	27	0.002150	90
50.321033	254	0.020225	6
50.321033	427	0.034000	1
50.321033	334	0.026594	9
50.321033	17	0.001354	287
50.321033	441	0.035114	4
50.321033	121	0.009635	10
50.321033	290	0.023091	9
50.321033	58	0.004618	26
50.321033	458	0.036468	4
50.321033	287	0.022852	8
50.321033	306	0.024365	15
50.321033	195	0.015527	8
50.321033	1568	0.124851	1
50.321033	234	0.018632	4
50.321033	643	0.051198	2
50.321033	34	0.002707	119
50.321033	453	0.036070	1
50.321033	106	0.008440	39
50.321033	179	0.014253	4
50.321033	168	0.013377	15
50.321033	45	0.003583	32
50.321033	247	0.019667	3
50.321033	13	0.001035	372
50.321033	178	0.014173	4
50.321033	39	0.003105	135
50.321033	81	0.006450	6
50.321033	144	0.011466	6
50.321033	122	0.009714	16
50.321033	260	0.020702	3
50.321033	609	0.048491	1
50.321033	25	0.001991	165
50.321033	531	0.042280	1
50.321033	363	0.028904	10
50.321033	164	0.013058	12
50.321033	488	0.038857	1
50.321033	93	0.007405	27
50.321033	134	0.010670	10
50.321033	22	0.001752	272
50.321033	409	0.032566	1
50.321033	326	0.025957	5
50.321033	101	0.008042	23
50.321033	443	0.035274	19
50.321033	717	0.057091	3
50.321033	28	0.002229	140
50.321033	239	0.019030	4
50.321033	266	0.021180	1
50.321033	507	0.040369	2
50.321033	525	0.041803	1
50.321033	176	0.014014	3
50.321033	114	0.009077	15
50.321033	233	0.018552	11
50.321033	107	0.008520	18
50.321033	143	0.011386	13
50.321033	229	0.018234	7
50.321033	410	0.032646	2
50.321033	333	0.026515	9
50.321033	26	0.002070	148
50.321033	14	0.001115	429
50.321033	140	0.011147	6
50.321033	90	0.007166	19
50.321033	111	0.008838	14
50.321033	371	0.029541	11
50.321033	132	0.010510	5
50.321033	115	0.009157	3
50.321033	155	0.012342	12
50.321033	193	0.015367	6
50.321033	187	0.014890	1
50.321033	85	0.006768	10
50.321033	41	0.003265	77
50.321033	46	0.003663	70
50.321033	96	0.007644	11
50.321033	120	0.009555	3
50.321033	318	0.025320	5
50.321033	356	0.028346	5
50.321033	69	0.005494	41
50.321033	35	0.002787	82
50.321033	31	0.002468	44
50.321033	298	0.023728	2
50.321033	20	0.001592	263
50.321033	60	0.004777	25
50.321033	36	0.002866	96
50.321033	52	0.004140	71
50.321033	19	0.001513	232
50.321033	153	0.012182	12
50.321033	75	0.005972	42
50.321033	323	0.025719	10
50.321033	171	0.013616	1
50.321033	324	0.025798	1
50.321033	117	0.009316	6
50.321033	67	0.005335	48
50.321033	396	0.031531	1
50.321033	116	0.009236	19
50.321033	182	0.014492	6
50.321033	32	0.002548	78
50.321033	57	0.004539	38
50.321033	53	0.004220	15
50.321033	138	0.010988	4
50.321033	21	0.001672	201
50.321033	62	0.004937	19
50.321033	84	0.006688	26
50.321033	212	0.016880	8
50.321033	280	0.022295	5
50.321033	240	0.019110	17
50.321033	94	0.007485	37
50.321033	73	0.005813	16
50.321033	11	0.000876	693
50.321033	33	0.002628	79
50.321033	72	0.005733	15
50.321033	207	0.016482	3
50.321033	83	0.006609	12
50.321033	189	0.015049	6
50.321033	51	0.004061	26
50.321033	129	0.010272	24
50.321033	137	0.010909	8
50.321033	47	0.003742	54
50.321033	38	0.003026	42
50.321033	68	0.005414	7
50.321033	252	0.020065	9
50.321033	108	0.008599	11
50.321033	80	0.006370	26
50.321033	16	0.001274	311
50.321033	145	0.011546	13
50.321033	123	0.009794	14
50.321033	59	0.004698	36
50.321033	37	0.002946	50
50.321033	89	0.007087	22
50.321033	142	0.011307	5
50.321033	56	0.004459	20
50.321033	268	0.021339	7
50.321033	202	0.016084	5
50.321033	97	0.007724	8
50.321033	82	0.006529	15
50.321033	61	0.004857	27
50.321033	248	0.019747	6
50.321033	283	0.022534	1
50.321033	44	0.003503	38
50.321033	77	0.006131	20
50.321033	42	0.003344	59
50.321033	130	0.010351	7
50.321033	86	0.006848	4
50.321033	261	0.020782	1
50.321033	30	0.002389	86
50.321033	309	0.024604	3
50.321033	226	0.017995	4
50.321033	55	0.004379	38
50.321033	128	0.010192	3
50.321033	12	0.000955	499
50.321033	64	0.005096	8
50.321033	126	0.010033	10
50.321033	78	0.006211	23
50.321033	92	0.007325	8
50.321033	251	0.019986	2
50.321033	109	0.008679	2
50.321033	49	0.003902	33
50.321033	343	0.027311	1
50.321033	232	0.018473	1
50.321033	29	0.002309	70
50.321033	99	0.007883	6
50.321033	112	0.008918	2
50.321033	191	0.015208	3
50.321033	63	0.005016	34
50.321033	98	0.007803	2
50.321033	102	0.008122	10
50.321033	124	0.009873	5
50.321033	205	0.016323	2
50.321033	165	0.013138	2
50.321033	76	0.006051	4
50.321033	79	0.006290	5
50.321033	43	0.003424	11
50.321033	110	0.008759	3
50.321033	70	0.005574	16
50.321033	88	0.007007	3
50.321033	66	0.005255	11
50.321033	172	0.013695	3
50.321033	131	0.010431	3
50.321033	166	0.013218	1
50.321033	154	0.012262	1
50.321033	198	0.015766	1
50.321033	87	0.006927	4
50.321033	113	0.008998	4
50.867428	1	0.000073	19132
50.867428	2	0.000145	8048
50.867428	3	0.000218	4769
50.867428	4	0.000291	3121
50.867428	5	0.000363	2215
50.867428	6	0.000436	1915
50.867428	7	0.000509	1352
50.867428	8	0.000582	1101
50.867428	9	0.000654	768
50.867428	10	0.000727	826
50.867428	13756	1.000000	1
50.867428	11659	0.847557	2
50.867428	2097	0.152443	15
50.867428	10699	0.777770	1
50.867428	960	0.069788	9
50.867428	5269	0.383033	3
50.867428	5430	0.394737	6
50.867428	4231	0.307575	1
50.867428	1038	0.075458	29
50.867428	961	0.069860	30
50.867428	3270	0.237714	5
50.867428	2597	0.188790	11
50.867428	673	0.048924	26
50.867428	3146	0.228700	25
50.867428	134	0.009741	14
50.867428	2284	0.166037	23
50.867428	826	0.060047	24
50.867428	1603	0.116531	5
50.867428	494	0.035912	4
50.867428	319	0.023190	24
50.867428	2430	0.176650	1
50.867428	68	0.004943	91
50.867428	66	0.004798	72
50.867428	12	0.000872	580
50.867428	2030	0.147572	3
50.867428	167	0.012140	39
50.867428	400	0.029078	21
50.867428	175	0.012722	16
50.867428	1429	0.103882	3
50.867428	174	0.012649	34
50.867428	1894	0.137685	9
50.867428	2018	0.146700	6
50.867428	90	0.006543	32
50.867428	124	0.009014	64
50.867428	1409	0.102428	10
50.867428	20	0.001454	293
50.867428	14	0.001018	556
50.867428	266	0.019337	10
50.867428	85	0.006179	35
50.867428	1032	0.075022	4
50.867428	490	0.035621	18
50.867428	585	0.042527	4
50.867428	336	0.024426	34
50.867428	1084	0.078802	8
50.867428	493	0.035839	2
50.867428	975	0.070878	2
50.867428	118	0.008578	12
50.867428	218	0.015848	10
50.867428	1463	0.106354	3
50.867428	40	0.002908	119
50.867428	810	0.058883	6
50.867428	1978	0.143792	3
50.867428	57	0.004144	62
50.867428	3028	0.220122	3
50.867428	515	0.037438	4
50.867428	125	0.009087	22
50.867428	634	0.046089	4
50.867428	320	0.023263	7
50.867428	655	0.047616	1
50.867428	615	0.044708	5
50.867428	65	0.004725	46
50.867428	70	0.005089	34
50.867428	275	0.019991	6
50.867428	970	0.070515	1
50.867428	105	0.007633	21
50.867428	397	0.028860	7
50.867428	188	0.013667	7
50.867428	616	0.044780	5
50.867428	469	0.034094	9
50.867428	475	0.034530	3
50.867428	514	0.037366	5
50.867428	856	0.062227	2
50.867428	2413	0.175414	1
50.867428	169	0.012286	3
50.867428	97	0.007051	18
50.867428	112	0.008142	40
50.867428	311	0.022608	9
50.867428	884	0.064263	5
50.867428	377	0.027406	4
50.867428	527	0.038311	5
50.867428	1886	0.137104	2
50.867428	33	0.002399	134
50.867428	731	0.053140	2
50.867428	296	0.021518	16
50.867428	16	0.001163	357
50.867428	280	0.020355	10
50.867428	136	0.009887	19
50.867428	158	0.011486	13
50.867428	71	0.005161	8
50.867428	25	0.001817	135
50.867428	525	0.038165	1
50.867428	350	0.025443	9
50.867428	450	0.032713	3
50.867428	157	0.011413	12
50.867428	299	0.021736	9
50.867428	48	0.003489	54
50.867428	502	0.036493	4
50.867428	352	0.025589	9
50.867428	11	0.000800	698
50.867428	368	0.026752	25
50.867428	223	0.016211	11
50.867428	1663	0.120893	1
50.867428	287	0.020864	4
50.867428	734	0.053359	2
50.867428	38	0.002762	72
50.867428	510	0.037075	2
50.867428	204	0.014830	4
50.867428	177	0.012867	16
50.867428	41	0.002981	53
50.867428	292	0.021227	3
50.867428	79	0.005743	21
50.867428	138	0.010032	6
50.867428	135	0.009814	7
50.867428	308	0.022390	3
50.867428	696	0.050596	1
50.867428	26	0.001890	180
50.867428	590	0.042890	1
50.867428	413	0.030023	5
50.867428	201	0.014612	12
50.867428	537	0.039038	1
50.867428	94	0.006833	43
50.867428	23	0.001672	171
50.867428	148	0.010759	8
50.867428	27	0.001963	164
50.867428	417	0.030314	1
50.867428	328	0.023844	5
50.867428	111	0.008069	23
50.867428	467	0.033949	1
50.867428	491	0.035694	19
50.867428	825	0.059974	3
50.867428	30	0.002181	56
50.867428	281	0.020427	4
50.867428	24	0.001745	242
50.867428	305	0.022172	1
50.867428	110	0.007997	7
50.867428	506	0.036784	2
50.867428	196	0.014248	3
50.867428	227	0.016502	11
50.867428	39	0.002835	85
50.867428	142	0.010323	16
50.867428	123	0.008942	4
50.867428	165	0.011995	15
50.867428	155	0.011268	15
50.867428	288	0.020936	7
50.867428	402	0.029224	2
50.867428	369	0.026825	9
50.867428	160	0.011631	4
50.867428	69	0.005016	16
50.867428	406	0.029514	1
50.867428	144	0.010468	17
50.867428	279	0.020282	3
50.867428	31	0.002254	137
50.867428	108	0.007851	12
50.867428	241	0.017520	12
50.867428	168	0.012213	8
50.867428	272	0.019773	6
50.867428	217	0.015775	1
50.867428	89	0.006470	16
50.867428	45	0.003271	68
50.867428	62	0.004507	25
50.867428	98	0.007124	2
50.867428	314	0.022826	8
50.867428	432	0.031404	5
50.867428	146	0.010614	10
50.867428	92	0.006688	33
50.867428	99	0.007197	11
50.867428	363	0.026388	5
50.867428	418	0.030387	5
50.867428	15	0.001090	515
50.867428	67	0.004871	39
50.867428	293	0.021300	2
50.867428	59	0.004289	23
50.867428	58	0.004216	52
50.867428	13	0.000945	451
50.867428	182	0.013231	3
50.867428	324	0.023553	10
50.867428	189	0.013739	6
50.867428	329	0.023917	1
50.867428	126	0.009160	12
50.867428	208	0.015121	6
50.867428	382	0.027770	1
50.867428	121	0.008796	14
50.867428	153	0.011122	18
50.867428	172	0.012504	3
50.867428	22	0.001599	226
50.867428	183	0.013303	7
50.867428	36	0.002617	76
50.867428	44	0.003199	51
50.867428	159	0.011559	4
50.867428	51	0.003707	70
50.867428	75	0.005452	6
50.867428	80	0.005816	6
50.867428	17	0.001236	275
50.867428	28	0.002035	125
50.867428	52	0.003780	41
50.867428	42	0.003053	85
50.867428	18	0.001309	237
50.867428	255	0.018537	9
50.867428	291	0.021154	5
50.867428	244	0.017738	9
50.867428	73	0.005307	33
50.867428	83	0.006034	33
50.867428	192	0.013958	5
50.867428	19	0.001381	262
50.867428	246	0.017883	3
50.867428	46	0.003344	89
50.867428	37	0.002690	74
50.867428	53	0.003853	32
50.867428	277	0.020137	8
50.867428	77	0.005598	13
50.867428	133	0.009669	12
50.867428	162	0.011777	17
50.867428	152	0.011050	9
50.867428	56	0.004071	31
50.867428	35	0.002544	76
50.867428	107	0.007778	14
50.867428	34	0.002472	69
50.867428	72	0.005234	31
50.867428	271	0.019700	7
50.867428	242	0.017592	2
50.867428	84	0.006106	6
50.867428	145	0.010541	8
50.867428	132	0.009596	8
50.867428	21	0.001527	204
50.867428	114	0.008287	8
50.867428	88	0.006397	18
50.867428	285	0.020718	6
50.867428	100	0.007270	11
50.867428	140	0.010177	7
50.867428	340	0.024716	2
50.867428	102	0.007415	5
50.867428	87	0.006325	21
50.867428	161	0.011704	4
50.867428	54	0.003926	46
50.867428	120	0.008723	4
50.867428	29	0.002108	120
50.867428	55	0.003998	58
50.867428	309	0.022463	3
50.867428	74	0.005379	20
50.867428	240	0.017447	4
50.867428	60	0.004362	40
50.867428	117	0.008505	10
50.867428	63	0.004580	14
50.867428	96	0.006979	2
50.867428	173	0.012576	5
50.867428	78	0.005670	17
50.867428	260	0.018901	2
50.867428	131	0.009523	1
50.867428	95	0.006906	14
50.867428	47	0.003417	51
50.867428	149	0.010832	6
50.867428	64	0.004653	14
50.867428	49	0.003562	30
50.867428	233	0.016938	1
50.867428	81	0.005888	14
50.867428	119	0.008651	9
50.867428	43	0.003126	17
50.867428	91	0.006615	12
50.867428	32	0.002326	108
50.867428	76	0.005525	10
50.867428	225	0.016356	3
50.867428	115	0.008360	11
50.867428	109	0.007924	3
50.867428	122	0.008869	6
50.867428	164	0.011922	2
50.867428	215	0.015630	5
50.867428	251	0.018247	2
50.867428	86	0.006252	8
50.867428	50	0.003635	19
50.867428	129	0.009378	1
50.867428	484	0.035185	1
50.867428	103	0.007488	4
50.867428	101	0.007342	3
50.867428	170	0.012358	5
50.867428	130	0.009450	2
50.867428	198	0.014394	3
50.867428	61	0.004434	5
50.867428	184	0.013376	3
50.867428	151	0.010977	5
50.867428	154	0.011195	5
50.867428	104	0.007560	5
50.867428	141	0.010250	1
50.867428	193	0.014030	1
50.867428	82	0.005961	2
50.867428	93	0.006761	1
