Generation	NumSamples	Depth	TargetSampleSize	ActualSampleSize
0.000000	1	0	100	1
0.000000	1	1	100	1
0.000000	1	2	100	1
0.000000	1	3	100	1
0.000000	1	4	100	1
0.000000	1	5	100	1
0.000000	1	6	100	1
0.000000	1	7	100	1
0.000000	1	8	100	1
0.000000	1	9	100	1
0.000000	1	10	100	1
0.000000	1	0	1000	1
0.000000	1	1	1000	1
0.000000	1	2	1000	1
0.000000	1	3	1000	1
0.000000	1	4	1000	1
0.000000	1	5	1000	1
0.000000	1	6	1000	1
0.000000	1	7	1000	1
0.000000	1	8	1000	1
0.000000	1	9	1000	1
0.000000	1	10	1000	1
0.000000	2	0	200	2
0.000000	2	1	200	2
0.000000	2	2	200	2
0.000000	2	3	200	2
0.000000	2	4	200	2
0.000000	2	5	200	2
0.000000	2	6	200	2
0.000000	2	7	200	2
0.000000	2	8	200	2
0.000000	2	9	200	2
0.000000	2	10	200	2
0.000000	2	0	2000	2
0.000000	2	1	2000	2
0.000000	2	2	2000	2
0.000000	2	3	2000	2
0.000000	2	4	2000	2
0.000000	2	5	2000	2
0.000000	2	6	2000	2
0.000000	2	7	2000	2
0.000000	2	8	2000	2
0.000000	2	9	2000	2
0.000000	2	10	2000	2
0.000000	4	0	400	4
0.000000	4	1	400	4
0.000000	4	2	400	4
0.000000	4	3	400	4
0.000000	4	4	400	4
0.000000	4	5	400	4
0.000000	4	6	400	4
0.000000	4	7	400	4
0.000000	4	8	400	4
0.000000	4	9	400	4
0.000000	4	10	400	4
0.000000	4	0	4000	4
0.000000	4	1	4000	4
0.000000	4	2	4000	4
0.000000	4	3	4000	4
0.000000	4	4	4000	4
0.000000	4	5	4000	4
0.000000	4	6	4000	4
0.000000	4	7	4000	4
0.000000	4	8	4000	4
0.000000	4	9	4000	4
0.000000	4	10	4000	4
10.234696	1	0	100	100
10.234696	1	1	100	100
10.234696	1	2	100	100
10.234696	1	3	100	100
10.234696	1	4	100	100
10.234696	1	5	100	100
10.234696	1	6	100	100
10.234696	1	7	100	100
10.234696	1	8	100	100
10.234696	1	9	100	100
10.234696	1	10	100	100
10.234696	1	0	1000	127
10.234696	1	1	1000	127
10.234696	1	2	1000	127
10.234696	1	3	1000	127
10.234696	1	4	1000	127
10.234696	1	5	1000	127
10.234696	1	6	1000	127
10.234696	1	7	1000	127
10.234696	1	8	1000	127
10.234696	1	9	1000	127
10.234696	1	10	1000	127
10.234696	2	0	200	200
10.234696	2	1	200	200
10.234696	2	2	200	200
10.234696	2	3	200	200
10.234696	2	4	200	200
10.234696	2	5	200	200
10.234696	2	6	200	200
10.234696	2	7	200	200
10.234696	2	8	200	200
10.234696	2	9	200	200
10.234696	2	10	200	200
10.234696	2	0	2000	254
10.234696	2	1	2000	254
10.234696	2	2	2000	254
10.234696	2	3	2000	254
10.234696	2	4	2000	254
10.234696	2	5	2000	254
10.234696	2	6	2000	254
10.234696	2	7	2000	254
10.234696	2	8	2000	254
10.234696	2	9	2000	254
10.234696	2	10	2000	254
10.234696	4	0	400	400
10.234696	4	1	400	400
10.234696	4	2	400	400
10.234696	4	3	400	400
10.234696	4	4	400	400
10.234696	4	5	400	400
10.234696	4	6	400	400
10.234696	4	7	400	400
10.234696	4	8	400	400
10.234696	4	9	400	400
10.234696	4	10	400	400
10.234696	4	0	4000	508
10.234696	4	1	4000	508
10.234696	4	2	4000	508
10.234696	4	3	4000	508
10.234696	4	4	4000	508
10.234696	4	5	4000	508
10.234696	4	6	4000	508
10.234696	4	7	4000	508
10.234696	4	8	4000	508
10.234696	4	9	4000	508
10.234696	4	10	4000	508
20.290854	1	0	100	54
20.290854	1	1	100	56
20.290854	1	2	100	60
20.290854	1	3	100	64
20.290854	1	4	100	70
20.290854	1	5	100	76
20.290854	1	6	100	79
20.290854	1	7	100	78
20.290854	1	8	100	78
20.290854	1	9	100	78
20.290854	1	10	100	80
20.290854	1	0	1000	159
20.290854	1	1	1000	159
20.290854	1	2	1000	159
20.290854	1	3	1000	159
20.290854	1	4	1000	159
20.290854	1	5	1000	159
20.290854	1	6	1000	159
20.290854	1	7	1000	159
20.290854	1	8	1000	159
20.290854	1	9	1000	159
20.290854	1	10	1000	159
20.290854	2	0	200	154
20.290854	2	1	200	152
20.290854	2	2	200	154
20.290854	2	3	200	154
20.290854	2	4	200	159
20.290854	2	5	200	162
20.290854	2	6	200	164
20.290854	2	7	200	162
20.290854	2	8	200	160
20.290854	2	9	200	159
20.290854	2	10	200	160
20.290854	2	0	2000	318
20.290854	2	1	2000	318
20.290854	2	2	2000	318
20.290854	2	3	2000	318
20.290854	2	4	2000	318
20.290854	2	5	2000	318
20.290854	2	6	2000	318
20.290854	2	7	2000	318
20.290854	2	8	2000	318
20.290854	2	9	2000	318
20.290854	2	10	2000	318
20.290854	4	0	400	354
20.290854	4	1	400	352
20.290854	4	2	400	353
20.290854	4	3	400	356
20.290854	4	4	400	359
20.290854	4	5	400	362
20.290854	4	6	400	363
20.290854	4	7	400	361
20.290854	4	8	400	360
20.290854	4	9	400	360
20.290854	4	10	400	360
20.290854	4	0	4000	636
20.290854	4	1	4000	636
20.290854	4	2	4000	636
20.290854	4	3	4000	636
20.290854	4	4	4000	636
20.290854	4	5	4000	636
20.290854	4	6	4000	636
20.290854	4	7	4000	636
20.290854	4	8	4000	636
20.290854	4	9	4000	636
20.290854	4	10	4000	636
30.313026	1	0	100	100
30.313026	1	1	100	88
30.313026	1	2	100	81
30.313026	1	3	100	78
30.313026	1	4	100	79
30.313026	1	5	100	83
30.313026	1	6	100	92
30.313026	1	7	100	95
30.313026	1	8	100	85
30.313026	1	9	100	79
30.313026	1	10	100	78
30.313026	1	0	1000	259
30.313026	1	1	1000	271
30.313026	1	2	1000	288
30.313026	1	3	1000	306
30.313026	1	4	1000	326
30.313026	1	5	1000	343
30.313026	1	6	1000	355
30.313026	1	7	1000	384
30.313026	1	8	1000	349
30.313026	1	9	1000	340
30.313026	1	10	1000	334
30.313026	2	0	200	200
30.313026	2	1	200	184
30.313026	2	2	200	173
30.313026	2	3	200	167
30.313026	2	4	200	164
30.313026	2	5	200	167
30.313026	2	6	200	172
30.313026	2	7	200	175
30.313026	2	8	200	165
30.313026	2	9	200	159
30.313026	2	10	200	156
30.313026	2	0	2000	586
30.313026	2	1	2000	596
30.313026	2	2	2000	613
30.313026	2	3	2000	631
30.313026	2	4	2000	650
30.313026	2	5	2000	669
30.313026	2	6	2000	683
30.313026	2	7	2000	711
30.313026	2	8	2000	677
30.313026	2	9	2000	672
30.313026	2	10	2000	665
30.313026	4	0	400	400
30.313026	4	1	400	376
30.313026	4	2	400	360
30.313026	4	3	400	347
30.313026	4	4	400	339
30.313026	4	5	400	336
30.313026	4	6	400	333
30.313026	4	7	400	331
30.313026	4	8	400	314
30.313026	4	9	400	300
30.313026	4	10	400	294
30.313026	4	0	4000	1239
30.313026	4	1	4000	1254
30.313026	4	2	4000	1275
30.313026	4	3	4000	1297
30.313026	4	4	4000	1322
30.313026	4	5	4000	1344
30.313026	4	6	4000	1359
30.313026	4	7	4000	1391
30.313026	4	8	4000	1362
30.313026	4	9	4000	1358
30.313026	4	10	4000	1358
40.319614	1	0	100	100
40.319614	1	1	100	83
40.319614	1	2	100	78
40.319614	1	3	100	79
40.319614	1	4	100	63
40.319614	1	5	100	70
40.319614	1	6	100	79
40.319614	1	7	100	80
40.319614	1	8	100	90
40.319614	1	9	100	84
40.319614	1	10	100	54
40.319614	1	0	1000	458
40.319614	1	1	1000	500
40.319614	1	2	1000	543
40.319614	1	3	1000	638
40.319614	1	4	1000	712
40.319614	1	5	1000	679
40.319614	1	6	1000	602
40.319614	1	7	1000	556
40.319614	1	8	1000	500
40.319614	1	9	1000	469
40.319614	1	10	1000	453
40.319614	2	0	200	200
40.319614	2	1	200	150
40.319614	2	2	200	115
40.319614	2	3	200	89
40.319614	2	4	200	62
40.319614	2	5	200	70
40.319614	2	6	200	79
40.319614	2	7	200	81
40.319614	2	8	200	94
40.319614	2	9	200	109
40.319614	2	10	200	110
40.319614	2	0	2000	852
40.319614	2	1	2000	888
40.319614	2	2	2000	890
40.319614	2	3	2000	981
40.319614	2	4	2000	1039
40.319614	2	5	2000	971
40.319614	2	6	2000	878
40.319614	2	7	2000	859
40.319614	2	8	2000	856
40.319614	2	9	2000	868
40.319614	2	10	2000	907
40.319614	4	0	400	356
40.319614	4	1	400	303
40.319614	4	2	400	271
40.319614	4	3	400	247
40.319614	4	4	400	220
40.319614	4	5	400	236
40.319614	4	6	400	260
40.319614	4	7	400	270
40.319614	4	8	400	265
40.319614	4	9	400	270
40.319614	4	10	400	265
40.319614	4	0	4000	1640
40.319614	4	1	4000	1711
40.319614	4	2	4000	1757
40.319614	4	3	4000	1881
40.319614	4	4	4000	2025
40.319614	4	5	4000	2009
40.319614	4	6	4000	1947
40.319614	4	7	4000	1952
40.319614	4	8	4000	1925
40.319614	4	9	4000	1946
40.319614	4	10	4000	1976
44.134197	1	0	100	100
44.134197	1	1	100	63
44.134197	1	2	100	29
44.134197	1	3	100	4
44.134197	1	4	100	9
44.134197	1	5	100	37
44.134197	1	6	100	72
44.134197	1	7	100	93
44.134197	1	8	100	80
44.134197	1	9	100	80
44.134197	1	10	100	97
44.134197	1	0	1000	455
44.134197	1	1	1000	515
44.134197	1	2	1000	561
44.134197	1	3	1000	678
44.134197	1	4	1000	716
44.134197	1	5	1000	697
44.134197	1	6	1000	765
44.134197	1	7	1000	785
44.134197	1	8	1000	775
44.134197	1	9	1000	747
44.134197	1	10	1000	720
44.134197	2	0	200	200
44.134197	2	1	200	81
44.134197	2	2	200	29
44.134197	2	3	200	8
44.134197	2	4	200	87
44.134197	2	5	200	75
44.134197	2	6	200	72
44.134197	2	7	200	92
44.134197	2	8	200	79
44.134197	2	9	200	101
44.134197	2	10	200	192
44.134197	2	0	2000	650
44.134197	2	1	2000	812
44.134197	2	2	2000	884
44.134197	2	3	2000	1069
44.134197	2	4	2000	1107
44.134197	2	5	2000	1062
44.134197	2	6	2000	1116
44.134197	2	7	2000	1061
44.134197	2	8	2000	1143
44.134197	2	9	2000	1274
44.134197	2	10	2000	1443
44.134197	4	0	400	400
44.134197	4	1	400	257
44.134197	4	2	400	192
44.134197	4	3	400	167
44.134197	4	4	400	245
44.134197	4	5	400	242
44.134197	4	6	400	257
44.134197	4	7	400	279
44.134197	4	8	400	254
44.134197	4	9	400	262
44.134197	4	10	400	352
44.134197	4	0	4000	1828
44.134197	4	1	4000	2042
44.134197	4	2	4000	2173
44.134197	4	3	4000	2338
44.134197	4	4	4000	2491
44.134197	4	5	4000	2516
44.134197	4	6	4000	2634
44.134197	4	7	4000	2581
44.134197	4	8	4000	2650
44.134197	4	9	4000	2724
44.134197	4	10	4000	2916
48.774967	1	0	100	100
48.774967	1	1	100	80
48.774967	1	2	100	82
48.774967	1	3	100	92
48.774967	1	4	100	79
48.774967	1	5	100	87
48.774967	1	6	100	85
48.774967	1	7	100	79
48.774967	1	8	100	53
48.774967	1	9	100	67
48.774967	1	10	100	80
48.774967	1	0	1000	719
48.774967	1	1	1000	781
48.774967	1	2	1000	825
48.774967	1	3	1000	789
48.774967	1	4	1000	716
48.774967	1	5	1000	691
48.774967	1	6	1000	657
48.774967	1	7	1000	638
48.774967	1	8	1000	709
48.774967	1	9	1000	756
48.774967	1	10	1000	752
48.774967	2	0	200	200
48.774967	2	1	200	160
48.774967	2	2	200	165
48.774967	2	3	200	183
48.774967	2	4	200	156
48.774967	2	5	200	163
48.774967	2	6	200	95
48.774967	2	7	200	112
48.774967	2	8	200	145
48.774967	2	9	200	149
48.774967	2	10	200	159
48.774967	2	0	2000	1372
48.774967	2	1	2000	1503
48.774967	2	2	2000	1484
48.774967	2	3	2000	1368
48.774967	2	4	2000	1141
48.774967	2	5	2000	1077
48.774967	2	6	2000	1190
48.774967	2	7	2000	1232
48.774967	2	8	2000	1437
48.774967	2	9	2000	1523
48.774967	2	10	2000	1499
48.774967	4	0	400	400
48.774967	4	1	400	299
48.774967	4	2	400	277
48.774967	4	3	400	268
48.774967	4	4	400	254
48.774967	4	5	400	305
48.774967	4	6	400	264
48.774967	4	7	400	290
48.774967	4	8	400	305
48.774967	4	9	400	318
48.774967	4	10	400	329
48.774967	4	0	4000	1986
48.774967	4	1	4000	2238
48.774967	4	2	4000	2359
48.774967	4	3	4000	2418
48.774967	4	4	4000	2335
48.774967	4	5	4000	2541
48.774967	4	6	4000	2695
48.774967	4	7	4000	2765
48.774967	4	8	4000	2992
48.774967	4	9	4000	3096
48.774967	4	10	4000	3008
50.321033	1	0	100	100
50.321033	1	1	100	79
50.321033	1	2	100	92
50.321033	1	3	100	80
50.321033	1	4	100	85
50.321033	1	5	100	82
50.321033	1	6	100	82
50.321033	1	7	100	78
50.321033	1	8	100	26
50.321033	1	9	100	3
50.321033	1	10	100	43
50.321033	1	0	1000	722
50.321033	1	1	1000	759
50.321033	1	2	1000	888
50.321033	1	3	1000	882
50.321033	1	4	1000	843
50.321033	1	5	1000	806
50.321033	1	6	1000	751
50.321033	1	7	1000	719
50.321033	1	8	1000	739
50.321033	1	9	1000	699
50.321033	1	10	1000	624
50.321033	2	0	200	200
50.321033	2	1	200	161
50.321033	2	2	200	132
50.321033	2	3	200	94
50.321033	2	4	200	174
50.321033	2	5	200	99
50.321033	2	6	200	119
50.321033	2	7	200	163
50.321033	2	8	200	122
50.321033	2	9	200	77
50.321033	2	10	200	86
50.321033	2	0	2000	1232
50.321033	2	1	2000	1377
50.321033	2	2	2000	1535
50.321033	2	3	2000	1545
50.321033	2	4	2000	1400
50.321033	2	5	2000	1334
50.321033	2	6	2000	1253
50.321033	2	7	2000	1247
50.321033	2	8	2000	1330
50.321033	2	9	2000	1321
50.321033	2	10	2000	1245
50.321033	4	0	400	400
50.321033	4	1	400	279
50.321033	4	2	400	217
50.321033	4	3	400	217
50.321033	4	4	400	350
50.321033	4	5	400	233
50.321033	4	6	400	197
50.321033	4	7	400	292
50.321033	4	8	400	304
50.321033	4	9	400	236
50.321033	4	10	400	203
50.321033	4	0	4000	1845
50.321033	4	1	4000	2135
50.321033	4	2	4000	2494
50.321033	4	3	4000	2604
50.321033	4	4	4000	2604
50.321033	4	5	4000	2789
50.321033	4	6	4000	2804
50.321033	4	7	4000	2718
50.321033	4	8	4000	2610
50.321033	4	9	4000	2513
50.321033	4	10	4000	2552
50.867428	1	0	100	100
50.867428	1	0	1000	721
50.867428	2	0	200	200
50.867428	2	0	2000	1231
50.867428	4	0	400	400
50.867428	4	0	4000	2008
